108
2 
1 
3 
1 
1 
3 
2 
231 45
249 52
261 78
273 66
291 12
294 13
304 77
305 16
312 21 43
317 15
313 21
314 17
320 14
327 19
335 22
338 101 103 105
338 25
345 23
347 7 8 9 10 11 37 44
349 38 43
344 14 26
352 30
344 18 20 24
353 42
349 39
347 27
357 31
369 70 71
360 64 65
364 75 76
367 47 50
371 24
367 32
366 29 39
371 40 40 40
366 41
364 24
367 34 35 36
372 89
3 
367 46
2 
3 
364 49
3 
370 51
2 
3 
2 
3 
3 
3 
3 
1 
3 
2 
2 
357 54
355 55
363 56
2 
1 
3 
358 69
355 69
1 
1 
2 
356 73
355 74
351 53
348 57
347 62
340 63
340 59
339 60
346 61
339 48
338 58
333 68
333 67
333 72
2 
315 25
297 90
297 48 59 89
288 46 49
290 72 73 74
286 48 51 60
283 100 102 104 106
280 90
280 48 59 89
275 90
1 
255 100
1 
239 102
3 
200 104
3 
166 106
