123
1 
1 
1 
1 
1 
2 
3 
1 
1 
1 
3 
2 
256 67
270 70
279 78
286 16
291 58
302 19
297 36
302 12 13 14 15 22 23
309 35
317 34
318 24 25
316 65
329 72
331 99
338 94 95
330 26 28
333 18
335 27 33
333 29 53
342 50
340 30
339 31 90
347 38 41
343 42 48
341 17
348 39
342 45
342 32
346 33 97
348 43 44
356 43 44
354 40
349 40
350 47
1 
349 37 46
352 49
352 47
359 118 120 122
361 83
358 84
359 75 80 82
359 74 80
354 85
355 80
359 66 91
360 64
2 
3 
3 
1 
3 
3 
354 68
2 
363 62
2 
3 
355 69
2 
352 71
1 
2 
2 
2 
1 
347 75 81 82
1 
3 
3 
3 
3 
1 
2 
1 
3 
344 86
342 87
336 91
1 
2 
325 91
325 59 60 63 76 77 79
321 59 61 73 76 77 79
1 
328 96
2 
316 98
299 62 66 83 92
306 68 71 86 87 92 98
301 59 60 61 92
298 66 69 84 92
292 117 119 121
286 62 66 83 92
289 68 92
285 68 71 86 87 92 98
282 62 71 86 87 92 98
275 69 71 86 87 92 98
262 114
264 110
257 110
255 110
249 115 116
242 59 60 63 76 77 79
234 59 61 73 76 77 79
1 
214 117
3 
198 119
3 
133 121
