95
1 
1 
2 
2 
2 
245 7
250 5 7
247 55
259 6
256 8
254 56
258 13 53
264 31
261 75
261 67
271 20
275 14
273 14
267 17 22
271 15
277 16 85 86
280 18
280 19
274 21
282 23
285 24
280 25
283 26
277 27
281 28
287 29
286 52 87
281 29
286 32
288 33
281 34
291 31
288 30 36
291 37
292 38
292 51
288 42
288 40
288 41
292 43
291 46
293 44
283 41 45
291 47
283 48
285 39
286 19 50
284 35
282 9 88
289 11 90
286 49 89
285 55 57
279 54 61
286 54
285 54 58
277 59
277 59 62
280 60
275 65
274 63 69
273 66
274 76
274 71
275 64
267 65
270 68
258 70
258 53 91
257 72 92
253 73 93
256 74 94
2 
253 10
2 
3 
2 
3 
1 
2 
197 81
193 78
178 79
169 80
161 81
145 81 83
138 83
114 78 84
91 78 84
62 78 84
2 78 84
