81
2 
2 
259 3 80
258 21
260 11
264 13 75
270 8
271 5
279 7 69
278 3 15
277 9
275 2
276 16
282 12 76 78
281 61
288 6 14
291 4
292 8
285 17
285 18 69
293 19
1 
291 10
298 29
294 26
294 24 77
297 55
297 25
297 27
302 28
299 25
303 30
297 31
295 34
300 32
306 23
296 33 35
299 47
308 47
303 37
297 58
303 63
308 38
306 40
307 41
299 56 57
296 45 47
300 36 55
300 46 54
302 62
305 49
302 50
299 51
294 52
301 53
296 13
301 43
293 44
291 39
296 60
297 48
287 59
293 46
262 42
254 59
253 67
243 64
245 66 71
212 21
2 
3 
2 
3 
179 70
164 72
148 69 73
135 73
119 71 74
97 74
68 68
1 68
