123
2 
1 
1 
1 
3 
2 
1 
3 
3 
3 
2 
3 
260 67
265 70
277 78
289 16
290 58
300 19
298 36
300 12 13 14 15 22 23
302 35
316 34
321 24 25
315 65
324 72
329 99
332 94 95
333 26 28
338 18
335 27 33
337 29 53
346 49
338 30
340 31 90
342 38 41
350 42 47
343 17
343 39
348 44
344 32
354 33 97
348 43 50
354 43 50
350 40
349 46
3 
353 37 45
356 48
349 46
353 118 120 122
358 40
356 83
353 84
357 75 80 82
362 74 80
354 85
363 80
362 66 91
361 64
1 
3 
3 
1 
1 
2 
358 68
1 
354 62
1 
3 
352 69
3 
359 71
1 
3 
3 
1 
1 
355 75 81 82
3 
1 
1 
1 
1 
1 
1 
1 
2 
347 86
340 87
342 91
3 
2 
327 91
328 59 60 63 76 77 79
323 59 61 73 76 77 79
3 
318 96
3 
318 98
303 62 66 83 92
298 68 71 86 87 92 98
297 59 60 61 92
292 66 69 84 92
300 117 119 121
291 62 66 83 92
286 68 92
281 68 71 86 87 92 98
278 62 71 86 87 92 98
276 69 71 86 87 92 98
265 114
265 110
263 110
254 110
252 115 116
246 59 60 63 76 77 79
234 59 61 73 76 77 79
1 
216 117
2 
195 119
3 
130 121
