81
1 
3 
1 
2 
160 54
175 51 56
189 49
190 5
196 7 59
208 7
212 8 13
220 8 10
225 14
224 12 64
235 9 67
240 23
236 41 44
243 21 68
250 10 66
252 18
255 15 19 27
251 51 72
258 17 42
258 11 73
262 21
271 24 75
274 21 40
272 22
274 51
269 28 74
278 29
273 30
276 37
286 48
277 35
281 33
289 34
288 31
283 48
286 38
290 25
294 50 71
296 26 26
292 45
295 36 76
298 16
294 9
294 46
294 32 47
1 
288 20 39
286 6
287 43 53
275 6
275 52
267 49
273 55
1 
1 
258 57 58 60
3 
3 
3 
2 
254 61 62 63 66
3 
2 
238 65
238 55
3 
2 
217 69 70
223 70
211 70
205 55
196 55
197 69 70
178 66 80
167 8
154 8
135 78 79
